# Input data: win01.03.grad win02.04.grad win03.07.grad win04.07.grad win05.02.grad win06-top.03.grad
-5.90 17.859437
-5.80 17.684249
-5.70 17.503637
-5.60 17.334931
-5.50 17.166162
-5.40 17.003534
-5.30 16.844016
-5.20 16.697486
-5.10 16.538525
-5.00 16.398681
-4.90 16.243661
-4.80 16.094492
-4.70 15.940571
-4.60 15.735664
-4.50 15.570160
-4.40 15.419479
-4.30 15.253364
-4.20 15.085092
-4.10 14.917509
-4.00 14.749616
-3.90 14.568524
-3.80 14.396001
-3.70 14.213840
-3.60 14.026602
-3.50 13.884254
-3.40 13.723050
-3.30 13.529338
-3.20 13.363038
-3.10 13.208708
-3.00 13.017439
-2.90 12.830372
-2.80 12.669892
-2.70 12.507303
-2.60 12.329102
-2.50 12.151375
-2.40 11.985926
-2.30 11.820898
-2.20 11.649190
-2.10 11.478437
-2.00 11.324060
-1.90 11.166334
-1.80 11.009982
-1.70 10.853334
-1.60 10.715574
-1.50 10.577915
-1.40 10.400623
-1.30 10.217135
-1.20 10.067224
-1.10 9.912728
-1.00 9.740190
-0.90 9.562713
-0.80 9.380272
-0.70 9.262788
-0.60 9.166951
-0.50 9.017225
-0.40 8.863797
-0.30 8.712558
-0.20 8.558404
-0.10 8.422265
0.00 8.300003
0.10 8.166734
0.20 8.011520
0.30 7.868460
0.40 7.724977
0.50 7.577247
0.60 7.452161
0.70 7.330728
0.80 7.229434
0.90 7.105866
1.00 6.954391
1.10 6.827547
1.20 6.715999
1.30 6.615832
1.40 6.512593
1.50 6.416217
1.60 6.290593
1.70 6.147862
1.80 6.040101
1.90 5.952268
2.00 5.841748
2.10 5.748801
2.20 5.641557
2.30 5.512211
2.40 5.409475
2.50 5.285047
2.60 5.122341
2.70 4.981492
2.80 4.854001
2.90 4.703005
3.00 4.572902
3.10 4.430620
3.20 4.293903
3.30 4.211645
3.40 4.102458
3.50 3.963009
3.60 3.835145
3.70 3.718340
3.80 3.610029
3.90 3.492131
4.00 3.405397
4.10 3.292799
4.20 3.194148
4.30 3.117234
4.40 2.999985
4.50 2.881963
4.60 2.773979
4.70 2.683697
4.80 2.603984
4.90 2.507480
5.00 2.390845
5.10 2.275044
5.20 2.161457
5.30 2.063802
5.40 1.969682
5.50 1.866475
5.60 1.781787
5.70 1.715529
5.80 1.637402
5.90 1.537567
6.00 1.406657
6.10 1.284149
6.20 1.150173
6.30 1.015283
6.40 0.902433
6.50 0.799715
6.60 0.711566
6.70 0.616429
6.80 0.496980
6.90 0.401755
7.00 0.361255
7.10 0.280628
7.20 0.151115
7.30 0.022212
7.40 -0.076110
7.50 -0.161791
7.60 -0.221451
7.70 -0.308272
7.80 -0.412941
7.90 -0.496262
8.00 -0.583285
8.10 -0.656230
8.20 -0.722119
8.30 -0.788708
8.40 -0.853807
8.50 -0.926173
8.60 -0.994832
8.70 -1.048753
8.80 -1.096228
8.90 -1.142048
9.00 -1.184048
9.10 -1.213126
9.20 -1.261177
9.30 -1.305730
9.40 -1.341122
9.50 -1.383565
9.60 -1.448283
9.70 -1.513048
9.80 -1.554517
9.90 -1.599839
10.00 -1.645259
10.10 -1.676577
10.20 -1.721068
10.30 -1.765930
10.40 -1.806053
10.50 -1.858385
10.60 -1.906389
10.70 -1.928867
10.80 -1.939991
10.90 -1.984444
11.00 -2.033715
11.10 -2.066853
11.20 -2.099508
11.30 -2.127371
11.40 -2.154502
11.50 -2.179203
11.60 -2.206798
11.70 -2.236720
11.80 -2.257070
11.90 -2.264955
12.00 -2.290733
12.10 -2.340351
12.20 -2.377169
12.30 -2.390420
12.40 -2.405145
12.50 -2.426286
12.60 -2.454152
12.70 -2.496968
12.80 -2.516173
12.90 -2.528390
13.00 -2.566250
13.10 -2.590027
13.20 -2.593138
13.30 -2.610991
13.40 -2.634552
13.50 -2.647779
13.60 -2.660245
13.70 -2.682099
13.80 -2.698937
13.90 -2.723702
14.00 -2.744075
14.10 -2.732912
14.20 -2.741848
14.30 -2.751009
14.40 -2.750449
14.50 -2.781338
14.60 -2.799111
14.70 -2.807659
14.80 -2.814903
14.90 -2.803779
15.00 -2.818565
15.10 -2.840204
15.20 -2.840052
15.30 -2.847722
15.40 -2.872130
15.50 -2.884588
15.60 -2.858353
15.70 -2.847654
15.80 -2.866651
15.90 -2.862161
16.00 -2.846884
16.10 -2.863408
16.20 -2.877373
16.30 -2.863507
16.40 -2.859160
16.50 -2.861210
16.60 -2.843726
16.70 -2.828998
16.80 -2.825405
16.90 -2.807628
17.00 -2.788734
17.10 -2.781331
17.20 -2.768436
17.30 -2.745380
17.40 -2.734395
17.50 -2.723971
17.60 -2.691984
17.70 -2.642076
17.80 -2.613258
17.90 -2.589085
18.00 -2.559973
18.10 -2.542649
18.20 -2.508641
18.30 -2.494770
18.40 -2.498919
18.50 -2.481277
18.60 -2.440783
18.70 -2.415511
18.80 -2.402650
18.90 -2.373962
19.00 -2.343294
19.10 -2.313818
19.20 -2.292540
19.30 -2.277659
19.40 -2.259648
19.50 -2.245179
19.60 -2.215781
19.70 -2.175824
19.80 -2.163839
19.90 -2.150651
20.00 -2.131343
20.10 -2.094087
20.20 -2.067335
20.30 -2.058119
20.40 -2.028958
20.50 -1.990708
20.60 -1.979061
20.70 -1.975537
20.80 -1.947940
20.90 -1.931686
21.00 -1.940614
21.10 -1.940870
21.20 -1.927866
21.30 -1.919257
21.40 -1.885904
21.50 -1.855474
21.60 -1.852581
21.70 -1.854635
21.80 -1.859150
21.90 -1.874865
22.00 -1.855183
22.10 -1.836351
22.20 -1.830389
22.30 -1.796309
22.40 -1.757001
22.50 -1.737383
22.60 -1.734081
22.70 -1.710687
22.80 -1.684515
22.90 -1.662964
23.00 -1.646215
23.10 -1.650435
23.20 -1.646363
23.30 -1.635090
23.40 -1.634010
23.50 -1.631843
23.60 -1.613456
23.70 -1.596699
23.80 -1.584591
23.90 -1.570551
24.00 -1.552294
24.10 -1.527399
24.20 -1.519301
24.30 -1.506615
24.40 -1.480658
24.50 -1.460597
24.60 -1.439919
24.70 -1.412457
24.80 -1.392093
24.90 -1.381422
25.00 -1.363680
25.10 -1.341066
25.20 -1.337236
25.30 -1.319134
25.40 -1.291953
25.50 -1.261189
25.60 -1.224643
25.70 -1.202540
25.80 -1.174917
25.90 -1.140450
26.00 -1.127705
26.10 -1.120603
26.20 -1.091090
26.30 -1.052895
26.40 -1.020485
26.50 -1.004836
26.60 -0.960105
26.70 -0.913893
26.80 -0.892644
26.90 -0.836705
27.00 -0.784044
27.10 -0.762437
27.20 -0.734231
27.30 -0.730977
27.40 -0.744109
27.50 -0.699763
27.60 -0.659164
27.70 -0.659763
27.80 -0.630067
27.90 -0.582508
28.00 -0.552192
28.10 -0.531711
28.20 -0.514308
28.30 -0.491833
28.40 -0.452776
28.50 -0.408613
28.60 -0.384037
28.70 -0.384779
28.80 -0.365320
28.90 -0.310813
29.00 -0.278242
29.10 -0.288229
29.20 -0.277930
29.30 -0.248017
29.40 -0.245757
29.50 -0.204698
29.60 -0.177226
29.70 -0.192516
29.80 -0.174969
29.90 -0.169412
30.00 -0.166037
30.10 -0.147292
30.20 -0.118383
30.30 -0.111707
30.40 -0.120354
30.50 -0.087869
30.60 -0.076514
30.70 -0.065781
30.80 -0.058394
30.90 -0.079233
31.00 -0.078370
31.10 -0.070432
31.20 -0.059906
31.30 -0.052234
31.40 -0.049611
31.50 -0.038183
31.60 -0.042698
31.70 -0.032909
31.80 -0.018049
31.90 -0.030999
32.00 -0.018335
32.10 -0.014993
32.20 -0.021259
32.30 -0.014946
32.40 -0.005665
32.50 -0.002128
32.60 -0.011825
32.70 -0.021264
32.80 -0.002946
32.90 0.018964
33.00 -0.000484
33.10 -0.006611
33.20 0.013469
33.30 0.007631
33.40 -0.003283
33.50 -0.007849
33.60 0.000464
33.70 0.003581
33.80 -0.021861
33.90 -0.024303
34.00 -0.021992
34.10 -0.001335
34.20 0.006686
34.30 -0.016991
34.40 -0.009644
34.50 0.014987
34.60 0.025081
34.70 0.020246
34.80 0.008907
34.90 -0.008325
35.00 -0.016424
35.10 -0.013282
35.20 0.005551
35.30 0.008580
35.40 -0.006671
35.50 0.008277
35.60 0.017085
35.70 -0.003256
35.80 0.000939
35.90 0.029887
36.00 0.046241
36.10 0.026786
36.20 0.025331
36.30 0.038645
36.40 0.027756
36.50 -0.007580
36.60 -0.013551
36.70 -0.017200
36.80 -0.029909
36.90 0.002633
37.00 0.008005
37.10 -0.007167
37.20 -0.003237
37.30 0.005662
37.40 0.003749
37.50 0.009011
37.60 -0.000490
37.70 -0.013038
37.80 0.001940
37.90 0.013960
38.00 0.023645
38.10 0.043866
38.20 0.021095
38.30 -0.001641
38.40 0.016677
38.50 -0.006608
38.60 -0.028918
38.70 -0.021915
38.80 -0.005644
38.90 0.003495
39.00 -0.008206
39.10 0.012229
39.20 0.021892
39.30 -0.006273
39.40 -0.023738
39.50 -0.009598
39.60 -0.025070
39.70 -0.052906
39.80 -0.062007
39.90 -0.038608
