0 30.68035888671875
1 32.95449447631836
2 30.405061721801758
3 30.562414169311523
4 32.73293685913086
5 27.85263442993164
6 23.67096519470215
7 30.25688362121582
8 25.955955505371094
9 26.105697631835938
10 28.00922203063965
11 28.084957122802734
12 24.592544555664063
13 20.344816207885742
14 23.449865341186523
15 28.032588958740234
16 24.52672004699707
17 21.990463256835938
18 21.824872970581055
19 19.29877471923828
20 22.893335342407227
21 23.660411834716797
22 30.372114181518555
23 35.63444137573242
24 31.54499626159668
25 28.865991592407227
26 37.08070373535156
27 29.261005401611328
28 30.548702239990234
29 32.016693115234375
30 29.85857582092285
31 28.91653823852539
32 31.388025283813477
33 34.80890655517578
34 36.7249641418457
35 38.964542388916016
36 39.76380157470703
37 37.60708999633789
38 38.339351654052734
39 35.60935592651367
40 34.8717041015625
41 38.5289306640625
42 37.139862060546875
43 42.59988784790039
44 43.34044647216797
45 50.50063705444336
46 51.2417106628418
47 52.329368591308594
48 47.683372497558594
49 55.858673095703125
50 55.72909927368164
51 -60.77296447753906
52 56.080711364746094
53 58.406822204589844
54 -61.196529388427734
55 -55.15234375
56 -50.57947540283203
57 -49.0984001159668
58 -45.54655838012695
59 -45.16929244995117
60 -43.81698226928711
61 -45.38693618774414
62 -50.217018127441406
63 -54.19309997558594
64 -52.43135070800781
65 56.77340316772461
66 53.5271110534668
67 -61.471412658691406
68 54.56010437011719
69 54.33320999145508
70 45.34614562988281
71 45.57731628417969
72 45.07854080200195
73 45.02017593383789
74 57.921363830566406
75 59.50810241699219
76 -56.2774658203125
77 55.801143646240234
78 56.366355895996094
79 52.75664520263672
80 46.597774505615234
81 42.9394645690918
82 49.717689514160156
83 41.57954406738281
84 41.852272033691406
85 49.39922332763672
86 44.455780029296875
87 42.31094741821289
88 47.729209899902344
89 49.16053009033203
90 47.311920166015625
91 49.086669921875
92 50.83109664916992
93 45.132545471191406
94 45.203392028808594
95 50.02463150024414
96 51.359806060791016
97 49.76784896850586
98 46.564491271972656
99 48.31866455078125
100 49.7341423034668
101 56.341758728027344
102 -61.628841400146484
103 57.31760787963867
104 -56.23320770263672
105 -45.51591873168945
106 -42.160926818847656
107 -50.09353256225586
108 -48.87300109863281
109 -48.812198638916016
110 -45.23401641845703
111 -51.74311447143555
112 -47.1728630065918
113 -59.867759704589844
114 -53.5101318359375
115 -52.72589111328125
116 -54.118900299072266
117 57.18344497680664
118 -57.00745391845703
119 58.216251373291016
120 -58.86371612548828
121 -49.614967346191406
122 -51.405799865722656
123 -53.838768005371094
124 -47.97561264038086
125 -57.595176696777344
126 -57.66265869140625
127 -56.61075973510742
128 59.21715545654297
129 57.61697006225586
130 60.210304260253906
131 -61.088233947753906
132 -61.85981369018555
133 53.634578704833984
134 52.7466926574707
135 57.42582702636719
136 -59.961666107177734
137 59.04702377319336
138 52.90644454956055
139 47.88412094116211
140 53.472679138183594
141 54.19938659667969
142 52.31248474121094
143 55.0710563659668
144 53.24559783935547
145 50.110939025878906
146 48.8526611328125
147 45.54530715942383
148 42.75436019897461
149 35.221824645996094
150 30.67660140991211
151 28.25918960571289
152 23.950153350830078
153 19.57558822631836
154 20.63933753967285
155 22.619544982910156
156 22.94387435913086
157 18.908470153808594
158 24.6334171295166
159 26.591829299926758
160 30.574037551879883
161 22.43487548828125
162 21.326725006103516
163 23.162492752075195
164 23.025484085083008
165 22.04485321044922
166 24.093626022338867
167 17.99118995666504
168 18.36538314819336
169 16.915090560913086
170 16.493669509887695
171 15.610828399658203
172 18.297428131103516
173 18.2971248626709
174 18.66584014892578
175 23.675067901611328
176 22.410703659057617
177 23.530017852783203
178 20.352466583251953
179 23.353668212890625
180 27.88762855529785
181 31.75281524658203
182 27.381338119506836
183 27.157331466674805
184 37.58438491821289
185 39.765010833740234
186 39.34868621826172
187 35.338321685791016
188 35.52235794067383
189 41.35862350463867
190 37.937408447265625
191 36.798824310302734
192 39.54701614379883
193 45.95903396606445
194 52.01200866699219
195 47.308475494384766
196 45.97068405151367
197 38.75537872314453
198 43.7811279296875
199 40.765350341796875
200 38.002960205078125
201 47.40414810180664
202 47.12074279785156
203 49.404014587402344
204 47.120086669921875
205 44.889041900634766
206 40.769012451171875
207 53.17041778564453
208 55.60458755493164
209 55.178497314453125
210 55.11507034301758
211 -59.844757080078125
212 -58.98225784301758
213 -58.57175064086914
214 -58.06117630004883
215 54.94465637207031
216 51.033329010009766
217 51.9155158996582
218 48.527610778808594
219 44.730682373046875
220 47.36985778808594
221 54.05350112915039
222 57.599403381347656
223 -53.446529388427734
224 -51.85600662231445
225 -48.95531463623047
226 -53.72752380371094
227 -56.22847366333008
228 -55.29668045043945
229 -54.089805603027344
230 -59.01087951660156
231 -45.925880432128906
232 -35.780128479003906
233 -35.28807067871094
234 -34.60514831542969
235 -37.56685256958008
236 -34.07403564453125
237 -34.46149826049805
238 -31.518245697021484
239 -30.516637802124023
240 -39.695045471191406
241 -43.83409118652344
242 -51.388214111328125
243 -43.964996337890625
244 -43.20124053955078
245 -49.256927490234375
246 -45.65536117553711
247 -34.010677337646484
248 -31.212604522705078
249 -42.05121612548828
250 -38.757530212402344
251 -38.698585510253906
252 -29.850826263427734
253 -27.9649658203125
254 -26.30388832092285
255 -24.6702880859375
256 -21.7710018157959
257 -22.854053497314453
258 -25.162538528442383
259 -31.93281364440918
260 -27.814218521118164
261 -30.592817306518555
262 -30.74994659423828
263 -40.95492172241211
264 -42.01753616333008
265 -46.50379943847656
266 -48.42875289916992
267 -50.133384704589844
268 -53.49658966064453
269 -53.39852523803711
270 -50.56257629394531
271 -55.218265533447266
272 -58.16617202758789
273 -57.52911376953125
274 53.2042236328125
275 50.59962463378906
276 48.027503967285156
277 42.06900405883789
278 41.37334442138672
279 44.736358642578125
280 40.39586639404297
281 45.01006317138672
282 44.72132873535156
283 48.84714889526367
284 50.67612075805664
285 -56.12297058105469
286 55.98350143432617
287 56.36055374145508
288 55.9417724609375
289 51.93171310424805
290 -57.70917892456055
291 -57.9460334777832
292 -52.9835205078125
293 -51.46955490112305
294 -47.27220153808594
295 -48.69703674316406
296 -43.34531784057617
297 -41.45753860473633
298 -44.16861343383789
299 -53.60791015625
300 -46.42109680175781
301 -48.539817810058594
302 -47.332176208496094
303 -44.68952560424805
304 -47.01007080078125
305 -44.15645217895508
306 -36.91359329223633
307 -35.835357666015625
308 -47.8536491394043
309 -41.987483978271484
310 -42.676334381103516
311 -44.191184997558594
312 -41.139095306396484
313 -42.477447509765625
314 -37.26345443725586
315 -38.048091888427734
316 -40.06690216064453
317 -47.52296829223633
318 -50.25721740722656
319 -45.50262451171875
320 -47.22478103637695
321 -42.98173522949219
322 -48.400291442871094
323 -44.0494270324707
324 -42.373680114746094
325 -47.44504928588867
326 -56.45186996459961
327 -51.291812896728516
328 -51.81428146362305
329 -49.31235885620117
330 -60.160804748535156
331 -57.510738372802734
332 -51.4217414855957
333 -47.2814826965332
334 -56.481109619140625
335 -60.27841567993164
336 -59.246910095214844
337 -60.440818786621094
338 -58.63175582885742
339 -50.995643615722656
340 -47.09649658203125
341 -47.448856353759766
342 -43.64327621459961
343 -45.57794189453125
344 -50.33689498901367
345 -57.39665603637695
346 -47.31079864501953
347 -47.809295654296875
348 -50.726078033447266
349 -54.79209899902344
350 -47.53166961669922
351 -42.96487808227539
352 -36.328086853027344
353 -38.696319580078125
354 -35.91032791137695
355 -27.949153900146484
356 -24.56597900390625
357 -26.529356002807617
358 -21.115915298461914
359 -23.954341888427734
360 -23.53486442565918
361 -21.483884811401367
362 -22.141494750976563
363 -32.432212829589844
364 -36.588951110839844
365 -37.34196472167969
366 -40.627105712890625
367 -34.9671516418457
368 -31.228717803955078
369 -32.259578704833984
370 -34.886993408203125
371 -37.43985366821289
372 -35.859806060791016
373 -39.97406005859375
374 -45.54432678222656
375 -50.57318115234375
376 -47.357208251953125
377 -45.497074127197266
378 -46.77790832519531
379 -46.50725555419922
380 -41.924896240234375
381 -43.836490631103516
382 -45.833274841308594
383 -41.116455078125
384 -54.23292922973633
385 -43.031227111816406
386 -45.55188751220703
387 -42.427940368652344
388 -44.196720123291016
389 -47.1876220703125
390 -50.5096435546875
391 -49.38356399536133
392 -53.47397994995117
393 -50.126197814941406
394 -50.05438995361328
395 -45.914825439453125
396 -47.69575500488281
397 -44.037899017333984
398 -42.0853271484375
399 -36.17154312133789
400 -31.88814353942871
401 -31.613826751708984
402 -32.66759490966797
403 -36.266719818115234
404 -35.99299621582031
405 -46.65708923339844
406 -40.88294219970703
407 -42.440887451171875
408 -42.41744613647461
409 -40.71969223022461
410 -41.96794128417969
411 -41.83057403564453
412 -41.527156829833984
413 -39.332828521728516
414 -37.5214958190918
415 -40.6736946105957
416 -38.44999313354492
417 -36.27349090576172
418 -43.374759674072266
419 -42.66281509399414
420 -36.34836196899414
421 -42.172977447509766
422 -47.543827056884766
423 -43.89628219604492
424 -44.760093688964844
425 -39.135093688964844
426 -41.063140869140625
427 -46.884952545166016
428 -38.2829475402832
429 -45.99424362182617
430 -55.398353576660156
431 -49.03815460205078
432 -48.0307502746582
433 -56.676212310791016
434 -55.10988235473633
435 -55.513492584228516
436 -50.53440475463867
437 -52.576011657714844
438 -52.070762634277344
439 -48.193519592285156
440 -56.66579818725586
441 54.6092414855957
442 49.861045837402344
443 46.80012893676758
444 49.83620834350586
445 48.01901626586914
446 48.470367431640625
447 50.44550704956055
448 45.3458137512207
449 38.99021911621094
450 26.92271614074707
451 23.670623779296875
452 29.4744930267334
453 34.997013092041016
454 31.98036766052246
455 31.92411231994629
456 24.324039459228516
457 27.593502044677734
458 22.639768600463867
459 21.32686996459961
460 21.004281997680664
461 20.89658546447754
462 24.15459442138672
463 25.636581420898438
464 29.52489471435547
465 28.014142990112305
466 27.48604393005371
467 30.915491104125977
468 39.53359603881836
469 39.55546569824219
470 33.418548583984375
471 40.09689712524414
472 33.55209732055664
473 29.04762077331543
474 34.063480377197266
475 39.30712890625
476 38.889678955078125
477 46.97594451904297
478 46.57758331298828
479 44.08015441894531
480 53.283695220947266
481 -59.971282958984375
482 -58.92409133911133
483 -56.76863098144531
484 57.34067916870117
485 -53.27817153930664
486 -55.63618087768555
487 -45.616172790527344
488 -37.37129211425781
489 -36.1312141418457
490 -29.601119995117188
491 -33.55219650268555
492 -30.4039249420166
493 -25.131664276123047
494 -20.465456008911133
495 -20.6931209564209
496 -21.478431701660156
497 -19.704185485839844
498 -18.90232276916504
499 -19.480417251586914
